Reacoes de apoio [N]
[[     0.]
 [     0.]
 [     0.]
 [-32000.]
 [     0.]
 [     0.]
 [     0.]
 [-48000.]
 [     0.]
 [     0.]
 [     0.]
 [-32000.]
 [     0.]
 [     0.]
 [     0.]
 [     0.]]

Deslocamentos [m]
[[ 0.00000000e+00]
 [ 0.00000000e+00]
 [ 5.61051174e-06]
 [-2.14794353e-05]
 [-1.01587302e-05]
 [ 0.00000000e+00]
 [-8.27404889e-22]
 [-6.76251860e-05]
 [-1.98882371e-21]
 [-6.76251860e-05]
 [-5.61051174e-06]
 [-2.14794353e-05]
 [ 1.01587302e-05]
 [ 0.00000000e+00]
 [ 0.00000000e+00]
 [ 0.00000000e+00]]

Deformacoes []
[[-1.98361545e-06]
 [-2.53968254e-06]
 [-5.36985884e-06]
 [-1.40262794e-06]
 [-7.18330698e-06]
 [ 2.53968254e-06]
 [ 0.00000000e+00]
 [-1.40262794e-06]
 [-7.18330698e-06]
 [ 2.53968254e-06]
 [-5.36985884e-06]
 [-1.98361545e-06]
 [-2.53968254e-06]]

Forcas internas [N]
[[ -416559.24453469]
 [ -533333.33333333]
 [-1127670.3556458 ]
 [ -294551.86657642]
 [-1508494.4665313 ]
 [  533333.33333333]
 [       0.        ]
 [ -294551.86657642]
 [-1508494.4665313 ]
 [  533333.33333333]
 [-1127670.3556458 ]
 [ -416559.24453469]
 [ -533333.33333333]]

Tensoes internas [Pa]
[[ -9372.58300203]
 [-12000.        ]
 [-25372.58300203]
 [ -6627.41699797]
 [-33941.12549695]
 [ 12000.        ]
 [     0.        ]
 [ -6627.41699797]
 [-33941.12549695]
 [ 12000.        ]
 [-25372.58300203]
 [ -9372.58300203]
 [-12000.        ]]